24
0 -122.1 25.8 -0.5 25.20409 27.56685 30.38192 -122.1 25.8 -0.5 0 0.1349942 0 0.9908465 37.71356 55.13371 52.59162
1 -127 25.8 55.5 22.85061 27.56685 22.36384 -127 25.8 55.5 0 -0.008167601 0 0.9999667 44.98851 55.13371 43.99869
2 -146.1 25.8 -45.6 20.39927 27.56685 21.33787 -146.1 25.8 -45.6 0 0.04037113 0 0.9991848 37.71356 55.13371 39.76276
3 -121.5 25.8 -28.1 14.25014 27.56685 14.15833 -121.5 25.8 -28.1 0 0.4064058 0 0.9136928 18.85678 55.13371 21.37249
4 -150.9 25.8 -85 21.68378 27.56685 22.53905 -150.9 25.8 -85 0 0.07693934 0 0.9970358 37.71356 55.13371 39.76276
5 -141 25.8 -117.6 24.92167 27.56685 25.48898 -141 25.8 -117.6 0 -0.1903893 0 0.9817087 37.71356 55.13371 39.76276
6 -111.9 25.8 -136.6 24.73676 27.56685 24.07908 -111.9 25.8 -136.6 0 -0.5877379 0 0.8090515 37.71357 55.13371 39.76276
7 -54.3 25.8 -126.1 43.00269 27.65048 20.33892 -54.3 25.8 -126.1 0.0007931096 -0.7187951 -0.001250561 0.6952204 37.71357 55.13371 84.76228
8 -3.8 25.8 -126.5 26.80665 27.56685 27.78169 -3.8 25.8 -126.5 0 -0.6565323 0 0.754298 49.52167 55.13371 47.23421
9 67.9 25.8 -147.7 27.64747 27.56685 27.09627 67.9 25.8 -147.7 0 -0.6340964 0 0.773254 45.82951 55.13371 47.23422
10 34.3 25.8 -142.6 18.33636 27.56685 19.20918 34.3 25.8 -142.6 0 -0.7662354 0 0.64256 33.47343 55.13371 31.31959
11 107.5 25.6 -128.5 18.67843 28.11835 20.67989 107.5 25.6 -128.5 0.01039752 -0.8108022 -0.0110377 0.5851239 32.43298 55.13372 28.36633
12 141.3 25.8 -2.7 39.26971 27.56685 34.99875 141.3 25.8 -2.7 0 -0.6340964 0 0.773254 57.68561 55.13371 68.56992
13 164.7 25.8 55.8 40.27913 27.56685 40.05315 164.7 25.8 55.8 0 -0.6340964 0 0.773254 67.99402 55.13371 68.56992
14 127.2 25.8 123.2 22.98917 27.56685 36.60016 127.2 25.8 123.2 0 -0.6340964 0 0.773254 67.99402 55.13371 33.30715
15 77.8 25.8 144 37.94375 27.56685 25.25921 77.8 25.8 144 0 -0.6340964 0 0.773254 37.55922 55.13371 69.88509
16 75.6 25.8 130.6 39.09908 29.87825 24.61325 75.6 25.8 130.6 -0.01691312 -0.7610202 -0.02689107 0.6479501 37.55923 55.13371 69.88509
17 10.7 25.8 123.1 30.71856 27.56685 23.81627 10.7 25.8 123.1 0 -0.6340964 0 0.773254 37.55922 55.13371 55.14935
18 -39.3 25.8 144.4 24.0466 27.56685 20.70944 -39.3 25.8 144.4 0 -0.7379907 0 0.6748109 37.55923 55.13371 44.91996
19 -84.4 25.8 143.4 26.34292 27.56685 23.66465 -84.4 25.8 143.4 0 -0.788177 0 0.6154487 37.55922 55.13371 44.91995
20 -128.8 25.8 98.3 19.69332 27.56685 23.21817 -128.8 25.8 98.3 0 -0.9997857 0 -0.02070359 37.55922 55.13371 44.91996
21 -126.5 25.8 26.2 22.85061 27.56685 22.36384 -126.5 25.8 26.2 0 -0.008167601 0 0.9999667 44.98851 55.13371 43.99869
22 145.3 25.8 -52.1 34.8689 27.56685 29.53944 145.3 25.8 -52.1 0 -0.7143163 0 0.699823 57.68562 55.13371 68.56992
23 133.1 24.6 -94.1 18.49228 28.00348 17.54688 133.1 24.6 -94.1 0.0006871671 -0.9962672 -0.01514817 -0.08498106 32.43299 55.13372 28.36633
