110
0 0 -0.18 5.3 -19.72 18.41355 4 17.32313 -0.18 5.3 -19.72 0 0.0264636 0 0.9996498 35.13917 8 32.83309
1 0 -9.54 5.3 -9.22 18.14855 4 16.88235 -9.54 5.3 -9.22 0 -0.01331053 0 0.9999114 35.43569 8 32.83309
2 0 1.9 5.3 -41.27 14.66467 4 5.788803 1.9 5.3 -41.27 0 0.0264636 0 0.9996498 28.83716 8 10.06597
3 0 -32.6 5.3 -4.8 5.590278 4 11.50933 -32.6 5.3 -4.8 0 -0.01331053 0 0.9999114 10.57886 8 22.74512
4 0 -40.02 5.3 1.17 2.534701 4 5.293879 -40.02 5.3 1.17 0 -0.01331053 0 0.9999114 4.792565 8 10.46389
5 0 -38.62 5.3 -7.47 2.562972 4 3.767003 -38.62 5.3 -7.47 0 -0.1363162 0 0.9906654 3.39607 8 6.872169
6 0 -29.83 5.3 -19.91 10.11283 4 12.43816 -29.83 5.3 -19.91 0 -0.2812015 0 0.9596487 8.626698 8 24.01897
7 0 -17.49 5.3 -34.94 9.113114 4 9.057462 -17.49 5.3 -34.94 0 -0.3869845 0 0.9220862 8.626698 8 17.07149
8 0 3.53 5.3 -45.46 12.95378 4 3.22518 3.53 5.3 -45.46 0 0.0264636 0 0.9996498 25.67372 8 5.099139
9 0 10.1 5.3 -50.13 6.432426 4 2.87966 10.1 5.3 -50.13 0 0.0264636 0 0.9996498 12.61273 8 5.099139
10 0 -1.35 5.3 -46.99 6.93807 4 4.577355 -1.35 5.3 -46.99 0 0.1711219 0 0.9852499 12.91299 8 5.09914
11 0 8.15 5.3 -2.12 5.997029 4 6.932172 8.15 5.3 -2.12 0 -0.3112146 0 0.9503397 4.895492 8 13.60373
12 0 -119.9778 5.3 -114.805 18.01663 4 16.8959 -119.9778 5.3 -114.805 0 0.9999046 0 -0.01382119 35.13919 8 32.83311
13 0 -110.3 5.3 -126.15 18.39775 4 17.30609 -110.3 5.3 -126.15 0 0.9996632 0 0.02595287 35.13919 8 32.8331
14 0 -122.602 5.3 -93.31444 14.55219 4 5.429589 -122.602 5.3 -93.31444 0 0.9999046 0 -0.01382119 28.83718 8 10.06598
15 0 -87.1908 5.3 -128.9005 5.872407 4 11.6317 -87.1908 5.3 -128.9005 0 0.9996632 0 0.02595287 10.57886 8 22.74513
16 0 -79.62222 5.3 -134.6808 2.664532 4 5.349239 -79.62222 5.3 -134.6808 0 0.9996632 0 0.02595287 4.792568 8 10.4639
17 0 -81.24025 5.3 -126.0789 2.634216 4 3.783674 -81.24025 5.3 -126.0789 0 0.9888626 0 0.1488319 3.396072 8 6.872172
18 0 -90.342 5.3 -113.8652 10.30639 4 12.3621 -90.342 5.3 -113.8652 0 0.9560164 0 0.2933135 8.6267 8 24.01899
19 0 -103.0581 5.3 -99.1521 9.183554 4 8.976929 -103.0581 5.3 -99.1521 0 0.9171193 0 0.3986129 8.626697 8 17.07149
20 0 -124.3375 5.3 -89.16702 12.90243 4 2.903404 -124.3375 5.3 -89.16702 0 0.9999046 0 -0.01382119 25.67374 8 5.099143
21 0 -131.0234 5.3 -84.66473 6.374427 4 2.722903 -131.0234 5.3 -84.66473 0 0.9999046 0 -0.01382119 12.61274 8 5.099143
22 0 -119.4977 5.3 -87.51408 6.930208 4 4.443926 -119.4977 5.3 -87.51408 0 0.9873348 0 -0.1586502 12.91298 8 5.099139
23 0 -127.86 5.3 -132.61 6.097182 4 6.878121 -127.86 5.3 -132.61 0 0.9463285 0 0.3232065 4.895494 8 13.60374
24 1 -138.48 5.3 -141.4 6.142846 4 6.097387 -138.48 5.3 -141.4 0 0.4029089 0 0.9152401 7.932545 8 9.39452
25 1 -135.51 5.3 -138.68 2.871931 4 2.91953 -135.51 5.3 -138.68 0 0.4029089 0 0.9152401 4.864553 8 3.333739
26 1 18.77731 5.3 6.37743 6.383959 4 6.351598 18.77731 5.3 6.37743 0 -0.9116678 0 0.4109281 8.650443 8 9.394523
27 1 15.16 5.3 3.72 2.550348 4 2.576288 15.16 5.3 3.72 0 -0.9116678 0 0.4109281 3.930171 8 3.33374
28 2 10.932 5.3 4.03 0.7366829 1.400122 1.815793 10.932 5.3 4.03 0 -0.7811047 0 0.6244001 3.563643 2.800244 0.7058091
29 2 12.429 5.3 1.297 1.447703 1.400122 1.597584 12.429 5.3 1.297 0 -0.908768 0 0.4173017 3.563642 2.800244 0.7553657
30 2 15.65 5.3 -0.71 2.141975 1.38147 1.14402 15.65 5.3 -0.71 0 -0.9826621 0 0.1854056 4.296683 2.762939 0.7757375
31 3 15.28 5.3 -1.84 2.122194 1.38147 1.093467 15.28 5.3 -1.84 0 -0.9826621 0 0.1854056 4.296683 2.762939 0.6671671
32 3 11.742 5.3 0.428 1.61368 1.400122 1.803076 11.742 5.3 0.428 0 -0.908768 0 0.4173017 4.197257 2.800244 0.6485884
33 3 9.841 5.3 3.982 0.6885928 1.400122 1.804935 9.841 5.3 3.982 0 -0.7811047 0 0.6244001 3.563643 2.800244 0.6072075
34 4 8.999 5.3 4.14 0.6885928 1.400122 1.804935 8.999 5.3 4.14 0 -0.7811047 0 0.6244001 3.563643 2.800244 0.6072075
35 4 11.18 5.3 -0.05 1.61368 1.400122 1.803076 11.18 5.3 -0.05 0 -0.908768 0 0.4173017 4.197257 2.800244 0.6485884
36 4 14.98 5.3 -2.6 2.122194 1.38147 1.093467 14.98 5.3 -2.6 0 -0.9826621 0 0.1854056 4.296683 2.762939 0.6671671
37 2 -130.8665 5.3 -139.0543 0.710509 1.400122 1.816326 -130.8665 5.3 -139.0543 0 0.6305164 0 0.7761759 3.563642 2.800244 0.7058089
38 2 -132.3203 5.3 -136.2983 1.430161 1.400122 1.61113 -132.3203 5.3 -136.2983 0 0.4244272 0 0.9054621 3.563643 2.800244 0.7553659
39 2 -135.5094 5.3 -134.2408 2.135087 1.38147 1.173088 -135.5094 5.3 -134.2408 0 0.1931188 0 0.9811754 4.296684 2.762939 0.7757376
40 3 -135.1218 5.3 -133.1169 2.114515 1.38147 1.122852 -135.1218 5.3 -133.1169 0 0.1931188 0 0.9811754 4.296684 2.762939 0.6671671
41 3 -131.62 5.3 -135.44 1.591796 1.400122 1.820476 -131.62 5.3 -135.44 0 0.4244272 0 0.9054621 4.197258 2.800244 0.6485885
42 3 -129.775 5.3 -139.0233 0.6622542 1.400122 1.806224 -129.775 5.3 -139.0233 0 0.6305164 0 0.7761759 3.563642 2.800244 0.6072073
43 4 -128.9356 5.3 -139.1946 0.6622542 1.400122 1.806224 -128.9356 5.3 -139.1946 0 0.6305164 0 0.7761759 3.563642 2.800244 0.6072073
44 4 -131.0504 5.3 -134.9709 1.591796 1.400122 1.820476 -131.0504 5.3 -134.9709 0 0.4244272 0 0.9054621 4.197258 2.800244 0.6485885
45 4 -134.81 5.3 -132.3616 2.114515 1.38147 1.122852 -134.81 5.3 -132.3616 0 0.1931188 0 0.9811754 4.296684 2.762939 0.6671671
46 5 -45 4.34 5.62 0.5214151 2.568741 3.145229 -45 4.34 5.62 0 -0.04208161 0 0.9991142 0.5174991 5.137481 6.269145
47 6 -45.84 4.34 5.55 0.5214151 2.568741 3.145229 -45.84 4.34 5.55 0 -0.04208161 0 0.9991142 0.5174991 5.137481 6.269145
48 7 -46.59 4.34 5.49 0.5214151 2.568741 3.145229 -46.59 4.34 5.49 0 -0.04208161 0 0.9991142 0.5174991 5.137481 6.269145
49 8 -47.37 4.34 5.42 0.5214151 2.568741 3.145229 -47.37 4.34 5.42 0 -0.04208161 0 0.9991142 0.5174991 5.137481 6.269145
50 5 -44.47964 4.34 0.08253123 0.6423164 2.568741 3.142598 -44.47964 4.34 0.08253123 0 -0.06161371 0 0.9981001 0.5174991 5.137481 6.269145
51 6 -45.31626 4.34 -0.02026518 0.6423164 2.568741 3.142598 -45.31626 4.34 -0.02026518 0 -0.06161371 0 0.9981001 0.5174991 5.137481 6.269145
52 7 -46.06333 4.34 -0.1095501 0.6423164 2.568741 3.142598 -46.06333 4.34 -0.1095501 0 -0.06161371 0 0.9981001 0.5174991 5.137481 6.269145
53 8 -46.84 4.34 -0.21 0.6423164 2.568741 3.142598 -46.84 4.34 -0.21 0 -0.06161371 0 0.9981001 0.5174991 5.137481 6.269145
54 5 -39.63771 4.34 -16.70792 1.53165 2.568741 2.961068 -39.63771 4.34 -16.70792 0 -0.2115213 0 0.9773734 0.5174991 5.137481 6.269145
55 6 -40.40556 4.34 -17.05564 1.53165 2.568741 2.961068 -40.40556 4.34 -17.05564 0 -0.2115213 0 0.9773734 0.5174991 5.137481 6.269145
56 7 -41.09196 4.34 -17.36374 1.53165 2.568741 2.961068 -41.09196 4.34 -17.36374 0 -0.2115213 0 0.9773734 0.5174991 5.137481 6.269145
57 8 -41.80331 4.34 -17.69132 1.53165 2.568741 2.961068 -41.80331 4.34 -17.69132 0 -0.2115213 0 0.9773734 0.5174991 5.137481 6.269145
58 5 -37.29 4.34 -21.75 1.63791 2.568741 2.917331 -37.29 4.34 -21.75 0 -0.2305958 0 0.9730496 0.5174991 5.137481 6.269145
59 6 -38.04367 4.34 -22.12748 1.63791 2.568741 2.917331 -38.04367 4.34 -22.12748 0 -0.2305958 0 0.9730496 0.5174991 5.137481 6.269145
60 7 -38.71749 4.34 -22.46219 1.63791 2.568741 2.917331 -38.71749 4.34 -22.46219 0 -0.2305958 0 0.9730496 0.5174991 5.137481 6.269145
61 8 -39.41548 4.34 -22.81735 1.63791 2.568741 2.917331 -39.41548 4.34 -22.81735 0 -0.2305958 0 0.9730496 0.5174991 5.137481 6.269145
62 5 -16.8 4.34 -44.53 2.744655 2.568741 1.965291 -16.8 4.34 -44.53 0 -0.4698407 0 0.8827512 0.5174991 5.137481 6.269145
63 6 -17.27151 4.34 -45.22869 2.744655 2.568741 1.965291 -17.27151 4.34 -45.22869 0 -0.4698407 0 0.8827512 0.5174991 5.137481 6.269145
64 7 -17.69442 4.34 -45.85097 2.744655 2.568741 1.965291 -17.69442 4.34 -45.85097 0 -0.4698407 0 0.8827512 0.5174991 5.137481 6.269145
65 8 -18.12836 4.34 -46.5029 2.744655 2.568741 1.965291 -18.12836 4.34 -46.5029 0 -0.4698407 0 0.8827512 0.5174991 5.137481 6.269145
66 5 -12.15709 4.34 -47.59228 2.802625 2.568741 1.867754 -12.15709 4.34 -47.59228 0 -0.4870151 0 0.8733935 0.5174991 5.137481 6.269145
67 6 -12.60091 4.34 -48.3089 2.802625 2.568741 1.867754 -12.60091 4.34 -48.3089 0 -0.4870151 0 0.8733935 0.5174991 5.137481 6.269145
68 7 -12.99915 4.34 -48.94721 2.802625 2.568741 1.867754 -12.99915 4.34 -48.94721 0 -0.4870151 0 0.8733935 0.5174991 5.137481 6.269145
69 8 -13.40726 4.34 -49.61565 2.802625 2.568741 1.867754 -13.40726 4.34 -49.61565 0 -0.4870151 0 0.8733935 0.5174991 5.137481 6.269145
70 5 7.29 4.34 -55.06 3.137831 2.568741 0.7272859 7.29 4.34 -55.06 0 -0.6517619 0 0.7584237 0.5174993 5.137481 6.269146
71 6 7.162323 4.34 -55.89316 3.137831 2.568741 0.7272859 7.162323 4.34 -55.89316 0 -0.6517619 0 0.7584237 0.5174993 5.137481 6.269146
72 7 7.045928 4.34 -56.6365 3.137831 2.568741 0.7272859 7.045928 4.34 -56.6365 0 -0.6517619 0 0.7584237 0.5174993 5.137481 6.269146
73 8 6.932237 4.34 -57.41134 3.137831 2.568741 0.7272859 6.932237 4.34 -57.41134 0 -0.6517619 0 0.7584237 0.5174993 5.137481 6.269146
74 5 12.79628 4.34 -55.84425 3.143865 2.568741 0.6070627 12.79628 4.34 -55.84425 0 -0.6664699 0 0.745532 0.5174991 5.137481 6.269145
75 6 12.7013 4.34 -56.6818 3.143865 2.568741 0.6070627 12.7013 4.34 -56.6818 0 -0.6664699 0 0.745532 0.5174991 5.137481 6.269145
76 7 12.61406 4.34 -57.42906 3.143865 2.568741 0.6070627 12.61406 4.34 -57.42906 0 -0.6664699 0 0.745532 0.5174991 5.137481 6.269145
77 8 12.53077 4.34 -58.20781 3.143865 2.568741 0.6070627 12.53077 4.34 -58.20781 0 -0.6664699 0 0.745532 0.5174991 5.137481 6.269145
78 5 -127.6092 4.34 -79.91076 3.136409 2.568741 0.7465532 -127.6092 4.34 -79.91076 0 0.7604734 0 0.6493691 0.5174991 5.137481 6.269145
79 6 -127.4763 4.34 -79.07845 3.136409 2.568741 0.7465532 -127.4763 4.34 -79.07845 0 0.7604734 0 0.6493691 0.5174991 5.137481 6.269145
80 7 -127.3552 4.34 -78.33582 3.136409 2.568741 0.7465532 -127.3552 4.34 -78.33582 0 0.7604734 0 0.6493691 0.5174991 5.137481 6.269145
81 8 -127.2366 4.34 -77.56173 3.136409 2.568741 0.7465532 -127.2366 4.34 -77.56173 0 0.7604734 0 0.6493691 0.5174991 5.137481 6.269145
82 5 -133.1104 4.34 -79.09188 3.143218 2.568741 0.6265 -133.1104 4.34 -79.09188 0 0.7476284 0 0.6641174 0.5174993 5.137481 6.269147
83 6 -133.0101 4.34 -78.25499 3.143218 2.568741 0.6265 -133.0101 4.34 -78.25499 0 0.7476284 0 0.6641174 0.5174993 5.137481 6.269147
84 7 -132.9183 4.34 -77.50822 3.143218 2.568741 0.6265 -132.9183 4.34 -77.50822 0 0.7476284 0 0.6641174 0.5174993 5.137481 6.269147
85 8 -132.83 4.34 -76.73 3.143218 2.568741 0.6265 -132.83 4.34 -76.73 0 0.7476284 0 0.6641174 0.5174993 5.137481 6.269147
86 5 -105.216 4.34 -88.82985 2.819888 2.568741 1.836638 -105.216 4.34 -88.82985 0 0.8703964 0 0.4923516 0.5174991 5.137481 6.269144
87 6 -104.781 4.34 -88.10791 2.819888 2.568741 1.836638 -104.781 4.34 -88.10791 0 0.8703964 0 0.4923516 0.5174991 5.137481 6.269144
88 7 -104.3906 4.34 -87.46472 2.819888 2.568741 1.836638 -104.3906 4.34 -87.46472 0 0.8703964 0 0.4923516 0.5174991 5.137481 6.269144
89 8 -103.9907 4.34 -86.7914 2.819888 2.568741 1.836638 -103.9907 4.34 -86.7914 0 0.8703964 0 0.4923516 0.5174991 5.137481 6.269144
90 5 -110.01 4.34 -86.01 2.872209 2.568741 1.735387 -110.01 4.34 -86.01 0 0.8606014 0 0.5092791 0.5174992 5.137481 6.269145
91 6 -109.6036 4.34 -85.27161 2.872209 2.568741 1.735387 -109.6036 4.34 -85.27161 0 0.8606014 0 0.5092791 0.5174992 5.137481 6.269145
92 7 -109.2386 4.34 -84.61366 2.872209 2.568741 1.735387 -109.2386 4.34 -84.61366 0 0.8606014 0 0.5092791 0.5174992 5.137481 6.269145
93 8 -108.8653 4.34 -83.9251 2.872209 2.568741 1.735387 -108.8653 4.34 -83.9251 0 0.8606014 0 0.5092791 0.5174992 5.137481 6.269145
94 5 -84.19798 4.34 -110.6787 1.87845 2.568741 2.796556 -84.19798 4.34 -110.6787 0 0.9613737 0 0.2752462 0.517499 5.137481 6.269144
95 6 -83.48241 4.34 -110.2334 1.87845 2.568741 2.796556 -83.48241 4.34 -110.2334 0 0.9613737 0 0.2752462 0.517499 5.137481 6.269144
96 7 -82.84224 4.34 -109.8379 1.87845 2.568741 2.796556 -82.84224 4.34 -109.8379 0 0.9613737 0 0.2752462 0.517499 5.137481 6.269144
97 8 -82.18 4.34 -109.42 1.87845 2.568741 2.796556 -82.18 4.34 -109.42 0 0.9613737 0 0.2752462 0.517499 5.137481 6.269144
98 5 -87.18627 4.34 -105.9878 1.975663 2.568741 2.738132 -87.18627 4.34 -105.9878 0 0.9558071 0 0.2939945 0.5174993 5.137481 6.269147
99 6 -86.48861 4.34 -105.5149 1.975663 2.568741 2.738132 -86.48861 4.34 -105.5149 0 0.9558071 0 0.2939945 0.5174993 5.137481 6.269147
100 7 -85.86451 4.34 -105.0947 1.975663 2.568741 2.738132 -85.86451 4.34 -105.0947 0 0.9558071 0 0.2939945 0.5174993 5.137481 6.269147
101 8 -85.21896 4.34 -104.6511 1.975663 2.568741 2.738132 -85.21896 4.34 -104.6511 0 0.9558071 0 0.2939945 0.5174993 5.137481 6.269147
102 5 -75.0687 4.34 -137.9837 0.5393008 2.568741 3.145144 -75.0687 4.34 -137.9837 0 0.9989887 0 0.04496346 0.5174994 5.137481 6.269147
103 6 -74.22921 4.34 -137.9088 0.5393008 2.568741 3.145144 -74.22921 4.34 -137.9088 0 0.9989887 0 0.04496346 0.5174994 5.137481 6.269147
104 7 -73.47951 4.34 -137.8445 0.5393008 2.568741 3.145144 -73.47951 4.34 -137.8445 0 0.9989887 0 0.04496346 0.5174994 5.137481 6.269147
105 8 -72.7 4.34 -137.77 0.5393008 2.568741 3.145144 -72.7 4.34 -137.77 0 0.9989887 0 0.04496346 0.5174994 5.137481 6.269147
106 5 -75.62107 4.34 -132.4493 0.6600618 2.568741 3.141804 -75.62107 4.34 -132.4493 0 0.9979183 0 0.06449144 0.5174994 5.137481 6.269147
107 6 -74.78513 4.34 -132.3417 0.6600618 2.568741 3.141804 -74.78513 4.34 -132.3417 0 0.9979183 0 0.06449144 0.5174994 5.137481 6.269147
108 7 -74.0386 4.34 -132.2481 0.6600618 2.568741 3.141804 -74.0386 4.34 -132.2481 0 0.9979183 0 0.06449144 0.5174994 5.137481 6.269147
109 8 -73.2624 4.34 -132.1432 0.6600618 2.568741 3.141804 -73.2624 4.34 -132.1432 0 0.9979183 0 0.06449144 0.5174994 5.137481 6.269147
