143
0 55.7 5.3 -85.4 4.694247 4 92.5278 55.7 5.3 -85.4 0 0.003828206 0 0.9999927 7.972301 8 185
1 -10.4 5.3 -175.7 70.06572 4 5.252276 -10.4 5.3 -175.7 0 0.6981947 0 0.7159079 7 8 140
2 -73.9 5.3 45.3 95.01316 4 5.907776 -73.9 5.3 45.3 0 0.7079405 0 0.7062722 11.3673 8 190
3 -173.5 5.3 -16 4.954084 4 65.05244 -173.5 5.3 -16 0 0.9999719 0 -0.007511222 7.956205 8 130.0001
4 -109.8 5.3 -147.3 37.0424 4 5.354309 -109.8 5.3 -147.3 0 0.6917873 0 0.7221014 7.5512 8 73.82901
5 -140.96 5.3 -102.61 4.516036 4 32.19225 -140.96 5.3 -102.61 0 0.01096256 0 0.9999399 7.625679 8 64.23275
6 -147.2 5.3 -140.5 4.286888 4 7.333325 -147.2 5.3 -140.5 0 -0.03620784 0 0.9993443 7.569178 8 14.156
7 -157.2 5.3 -78 15.10647 4 4.167641 -157.2 5.3 -78 0 0.7178389 0 0.6962093 7.421196 8 30
8 -9 5.3 12.3 33.71907 4 5.359191 -9 5.3 12.3 0 0.6929036 0 0.7210302 8.053422 8 67.17102
9 21.19 5.3 -27.15 5.133957 4 27.70122 21.19 5.3 -27.15 0 0.0264636 0 0.9996498 7.363489 8 55.09
10 25.42 5.3 1.92 5.15752 4 5.992639 25.42 5.3 1.92 0 0.2568988 0 0.9664383 5.922999 8 10.4195
11 25.96 5.3 9.25 5.707876 4 6.242591 25.96 5.3 9.25 0 -0.3321472 0 0.9432276 5 8 12
12 -76.9 5.3 -160.8 5.297556 4 13.66283 -76.9 5.3 -160.8 0 -0.01511095 0 0.9998859 9.782401 8 27.0424
13 43.6 5.3 9.5 17.61415 4 4.533371 43.6 5.3 9.5 0 0.7178389 0 0.6962093 8.000001 8 35
14 22.9 5.3 29.6 5.588955 4 17.57535 22.9 5.3 29.6 0 0.007232005 0 0.9999739 10.6728 8 35
15 44.1 4.02 -140.85 9.335418 2.505159 5.085747 44.1 4.02 -140.85 0 -0.8062597 0 0.5915619 5.000001 5.010318 18
16 35.69 4.02 -146.27 1.645661 2.505159 4.064462 35.69 4.02 -146.27 0 -0.9997205 0 0.02364296 2.916401 5.010318 8.000003
17 20.3 3.96 -163.9 5.537457 2.460451 9.475808 20.3 3.96 -163.9 0 -0.988352 0 0.1521856 5.934962 4.920901 18.00001
18 27.27 3.96 -154.87 4.400514 2.460451 3.118838 27.27 3.96 -154.87 0 -0.7779235 0 0.6283591 4.659263 4.920901 8.000003
19 49.59 5.3 -106.21 9.737971 4 6.612063 49.59 5.3 -106.21 0 -0.5725464 0 0.8198724 7.483 8 18
20 40.46 5.3 -101.61 2.600407 4 4.219343 40.46 5.3 -101.61 0 -0.9983835 0 -0.05683759 4.320799 8 8.000002
21 -154.6 4.16 -57.65 10.43907 2.84248 10.29263 -154.6 4.16 -57.65 0 0.02411498 0 0.9997092 19.9541 5.68496 19.646
22 -9.85 3.88 -152.65 4.636164 2.261705 11.99325 -9.85 3.88 -152.65 0 -0.9997519 0 -0.022276 8.22739 4.523411 23.64352
23 0.65 3.88 -143.14 11.0158 2.261705 3.715509 0.65 3.88 -143.14 0 -0.7010544 0 -0.7131079 7.058502 4.523411 21.91447
24 -39 3.56 -153.94 4.649904 2.031912 4.389624 -39 3.56 -153.94 0 -0.612433 0 -0.7905225 7.0585 4.063825 7.783078
25 -29.71 3.56 -152.11 7.175706 2.031912 3.337543 -29.71 3.56 -152.11 0 -0.6950029 0 -0.719007 6.198405 4.063825 14.14918
26 -34.61 3.56 -157.71 4.595541 2.031912 4.620941 -34.61 3.56 -157.71 0 -0.1869708 0 -0.9823655 7.058501 4.063825 7.148776
27 33.27 2.92 -169.09 1.563283 1.295221 2.166726 33.27 2.92 -169.09 0 -0.7045529 0 0.7096515 4.311244 2.590442 3.095561
28 38.38 3.5 -46.17 4.618325 1.989103 3.648786 38.38 3.5 -46.17 0 -0.9999605 0 0.008899938 9.111072 3.978207 7.136536
29 29.38 3.93 -116.93 9.783158 2.34388 4.014459 29.38 3.93 -116.93 0 -0.7010544 0 -0.7131079 7.698709 4.68776 19.43792
30 22.17 3.93 -127.35 4.805922 2.34388 10.07114 22.17 3.93 -127.35 0 -0.9995576 0 0.02974438 8.45693 4.68776 19.67423
31 47.3 4.63 -63 4.243511 3.091718 6.31098 47.3 4.63 -63 0 -0.9999605 0 0.008899938 8.266258 6.183436 12.47681
32 23.2 4.22 -62.54 5.916574 2.618316 5.814493 23.2 4.22 -62.54 0 0.03793688 0 0.9992802 11.04436 5.236632 10.82276
33 39.83 5.3 -6.72 10.13973 4 5.681868 39.83 5.3 -6.72 0 0.7417511 0 0.6706753 9.461185 8 19.4278
34 34.49 3.5 -38.84 3.630224 1.989103 3.631196 34.49 3.5 -38.84 0 -0.9999605 0 0.008899938 7.134556 3.978207 7.136536
35 36.57 3.5 -34.8 4.50561 1.989103 4.472398 36.57 3.5 -34.8 0 -0.9930314 0 0.1178502 7.487712 3.978207 7.397728
36 41.55 3.5 -30.08 3.602532 1.989103 3.599762 41.55 3.5 -30.08 0 0.9241962 0 0.381918 6.274975 3.978207 3.910621
37 24.07 4.02 -87.17 4.21284 2.438261 11.12177 24.07 4.02 -87.17 0 -0.9997368 0 -0.02294029 7.427789 4.876523 21.92592
38 27.86 3.36 -96.89 4.030245 2.438261 2.896494 27.86 3.36 -96.89 0 -0.9797644 0 0.2001546 7.427794 4.876523 3.130578
39 26.75 4.06 -78.43 3.905527 2.438261 4.056068 26.75 4.06 -78.43 0 -0.9120737 0 -0.4100263 7.42779 4.876523 3.851612
40 -58.73 4.2 -156.54 10.15984 2.597274 10.38338 -58.73 4.2 -156.54 0 -0.0504262 0 0.9987278 18.5 5.194548 19
41 -143.66 3.82 -2.99 5.525617 2.262434 12.23542 -143.66 3.82 -2.99 0 -0.9981297 0 0.06113177 8.227392 4.524867 23.64353
42 -151.08 3.82 -11.71 11.1076 2.262434 5.342339 -151.08 3.82 -11.71 0 -0.7534834 0 -0.657467 7.86529 4.524867 21.34645
43 -161.36 3.79 9.12 9.607662 2.563578 5.951084 -161.36 3.79 9.12 0 -0.8062597 0 0.5915619 6.814307 5.127155 18
44 -153.12 3.79 14.8 1.717178 2.563578 4.067846 -153.12 3.79 14.8 0 -0.9997205 0 0.02364296 3.059596 5.127155 8.000003
45 -137.78 3.91 31.29 6.32854 2.632641 9.603136 -137.78 3.91 31.29 0 -0.9835634 0 0.1805631 6.700568 5.265283 18.00001
46 -144.7 3.91 22.92 4.400514 2.632641 3.118838 -144.7 3.91 22.92 0 -0.7779235 0 0.6283591 4.659263 5.265283 8.000003
47 -151.04 5.3 36.7 1.683479 4 2.250885 -151.04 5.3 36.7 0 -0.6839432 0 0.7295353 4.311243 8 3.09556
48 -49.7 4.81 36.39 6.24671 3.122418 4.14568 -49.7 4.81 36.39 0 -0.7063945 0 0.7078184 8.266253 6.244835 12.4768
49 -50.22 4.16 16.15 5.466023 2.728845 6.450067 -50.22 4.16 16.15 0 0.7152415 0 0.6988774 12.65726 5.457691 10.642
50 6.4 5.3 28.9 5.037607 4 9.859653 6.4 5.3 28.9 0 0.9998732 0 0.01592842 9.461186 8 19.4278
51 -29.79 4.03 29.59 5.228755 2.430348 5.670324 -29.79 4.03 29.59 0 -0.5257472 0 0.8506408 9.111064 4.860696 7.13653
52 -23.45 3.87 32.39 3.679362 2.096851 3.678405 -23.45 3.87 32.39 0 -0.7182075 0 0.695829 7.134553 4.193702 7.136532
53 -18.22 3.35 29.7 4.552992 2.0722 4.584574 -18.22 3.35 29.7 0 -0.6070857 0 0.7946364 7.487712 4.1444 7.397727
54 -14.2 3.35 24.1 3.564964 2.0722 3.631615 -14.2 3.35 24.1 0 0.9160663 0 -0.4010269 6.274976 4.1444 3.910622
55 -74.73 4.6 12.64 11.11631 3.20583 3.635682 -74.73 4.6 12.64 0.02343693 -0.7272633 0.02307877 -0.6855701 5.605457 6.0248 21.92591
56 -64.9 4.79 15.09 2.786484 3.268739 4.188767 -64.9 4.79 15.09 0.01934092 -0.8297195 0.02660543 -0.5572107 7.427791 6.024799 2.96906
57 -82.71 4.84 16.55 3.967456 3.266729 4.203281 -82.71 4.84 16.55 0.03071203 -0.3923033 0.01177671 -0.9192477 7.427789 6.024799 3.851611
58 -89.02 5.3 36.87 5.65801 4 9.591097 -89.02 5.3 36.87 0 0.08994078 0 0.9959471 8.224332 8 18
59 -88.77 5.3 28.82 4.268156 4 2.71096 -88.77 5.3 28.82 0 -0.7560446 0 -0.6545202 4.320801 8 8.000002
60 -103.4 3.47 21.9 4.455958 2.638606 9.942828 -103.4 3.47 21.9 0 -0.9995 0 0.03161903 7.698709 5.277212 19.43792
61 -113.11 3.47 11.15 12.78407 2.638606 4.384529 -113.11 3.47 11.15 0 -0.7027512 0 0.7114358 8.456931 5.277212 25.4662
62 -41.05 3.92 -8.18 2.393698 2.244176 5.230711 -41.05 3.92 -8.18 0.00863776 -0.5953496 -0.006400946 -0.8033949 10.37239 4.451683 1.753378
63 -26.84 3.76 -33.09 8.472844 2.46111 9.196493 -26.84 3.76 -33.09 0 -0.405873 0 -0.9139295 22.65309 4.92222 2.366984
64 -2.03 4.07 -50.58 6.757255 2.353323 3.265081 -2.03 4.07 -50.58 0.004933954 -0.1804782 -0.009551915 -0.9835203 13.69532 4.451683 1.753378
65 -80.55 4.24 -122 3.773498 2.225841 8.15378 -80.55 4.24 -122 0 -0.5769317 0 -0.8167924 16.54421 4.451682 2.139355
66 -96.56 4.24 -97.82 7.095846 2.225841 6.678092 -96.56 4.24 -97.82 0 -0.3646712 0 -0.9311364 17.35464 4.451682 2.139355
67 -119.13 4.24 -83.95 5.676247 2.225841 2.849446 -119.13 4.24 -83.95 0 -0.1653727 0 -0.9862311 11.27114 4.451682 2.139356
68 -123.23 7.24 -127.86 5.72134 2.84248 5.773278 -123.23 7.24 -127.86 0 0.3136747 0 0.9495305 7.966611 5.68496 8.46714
69 -68.61 5.43 -135.02 2.229837 4.470937 2.228059 -68.61 5.43 -135.02 0 0.3136747 0 0.9495305 3.195274 8.941874 3.178141
70 -78.12 5.43 -103.56 2.229837 4.470937 2.228059 -78.12 5.43 -103.56 0 0.3136747 0 0.9495305 3.195274 8.941874 3.178141
71 -102.9 5.43 -78.8 2.229837 4.470937 2.228059 -102.9 5.43 -78.8 0 0.3136747 0 0.9495305 3.195274 8.941874 3.178141
72 -129.81 5.43 -70.59 2.229837 4.470937 2.228059 -129.81 5.43 -70.59 0 0.3136747 0 0.9495305 3.195274 8.941874 3.178141
73 -8.1 7.96 -83.2 12.7696 7.514591 6.162968 -8.1 7.96 -83.2 0 -0.8079863 0 -0.5892013 4.832051 15.02918 25.27181
74 -43.15 7.96 -116.48 6.518615 7.514591 12.36194 -43.15 7.96 -116.48 0 -0.9844276 0 -0.1757904 4.832049 15.02918 24.57001
75 -84.49 7.96 -84.55 10.20275 7.514591 10.58005 -84.49 7.96 -84.55 0 -0.9289681 0 -0.3701597 4.83205 15.02918 24.57001
76 -36.63 7.96 -44.18 10.20275 7.514591 10.58005 -36.63 7.96 -44.18 0 -0.9289681 0 -0.3701597 4.83205 15.02918 24.57001
77 -112.79 7.96 -48.07 12.79706 7.514591 5.946605 -112.79 7.96 -48.07 0 -0.8023341 0 -0.5968753 4.832051 15.02918 25.27181
78 -71.12 7.96 -11.11 3.838959 7.514591 10.75709 -71.12 7.96 -11.11 0 -0.9976271 0 -0.06884944 4.83205 15.02918 21.04996
79 -93.65 7.96 -33.6 8.020308 6.370194 8.758721 -93.65 7.96 -33.6 0 -0.9368711 0 0.3496749 4.529081 12.74039 19.2599
80 -120.67 3.79 -25.39 1.848109 2.087763 3.976429 -120.67 3.79 -25.39 0.02621639 -0.6328217 0.01986505 -0.7735986 7.42779 3.673885 2.259287
81 -63.09 4.77 -35.12 6.195094 2.749246 5.970111 -63.09 4.77 -35.12 -0.00497167 -0.8544286 -0.009754381 0.5194535 8.483546 5.279546 9.449309
82 -91.22 4.66 -65.71 5.877604 2.741436 5.805515 -91.22 4.66 -65.71 -0.00497167 -0.8544286 -0.009754381 0.5194535 8.483546 5.279546 8.733901
83 -83.74 3.91 -45.46 2.047894 1.888034 4.424201 -83.74 3.91 -45.46 -0.00167067 -0.6490432 -0.01082009 0.7606728 8.483544 3.610418 2.728906
84 -78.81 3.77 -40.54 4.416 1.805209 2.107943 -78.81 3.77 -40.54 0 0.07316857 0 0.9973196 8.483543 3.610418 3.009984
85 -77.96 3.51 -42.16 1.307458 1.137227 1.294414 -77.96 3.51 -42.16 0 0.07316857 0 0.9973196 2.307386 2.274455 2.27645
86 -75.96 3.77 -41.86 1.029451 1.498411 1.253401 -75.96 3.77 -41.86 0 0.07316857 0 0.9973196 1.745353 2.996822 2.27645
87 -31.82 3.5 -65.88 4.62521 2.767665 4.487354 -31.82 3.5 -65.88 -0.002788954 -0.7247673 -0.01058712 0.6889068 8.483547 5.279546 8.733899
88 -60.85 4.34 -92.69 4.575959 2.639773 4.457275 -60.85 4.34 -92.69 0 -0.7247733 0 0.6889874 8.483544 5.279546 8.733896
89 -14.44 3.93 -110.87 4.733849 2.34388 4.762184 -14.44 3.93 -110.87 -1.109056E-08 -0.997987 -3.30028E-10 -0.06341913 8.456932 4.68776 8.522418
90 -37.98 3.62 -81.8 1.788412 1.742994 3.364193 -37.98 3.62 -81.8 -0.00347924 -0.768508 -0.01038077 0.6397466 6.360198 3.387357 2.400075
91 -38.78 3.7 -87.47 2.304946 1.764699 3.418028 -38.78 3.7 -87.47 -0.0005053701 -0.5640791 -0.01093664 0.8256482 6.360198 3.387357 2.400075
92 -43.87 3.79 -88.02 2.092107 1.693678 1.951151 -43.87 3.79 -88.02 0 -0.6993491 0 0.7147804 3.8137 3.387357 4.10197
93 -40.97 3.79 -88.41 2.075429 1.693678 1.187066 -40.97 3.79 -88.41 0 -0.6993491 0 0.7147804 2.285165 3.387357 4.10197
94 -19.51 3.93 -124.29 4.669787 2.34388 5.008077 -19.51 3.93 -124.29 -1.01717E-08 -0.9499451 -4.432391E-09 0.312417 5.319424 4.68776 8.522418
95 -24.27 3.93 -122.4 4.406358 2.34388 2.013248 -24.27 3.93 -122.4 -7.54163E-09 -0.7450225 -8.138386E-09 0.6670393 3.106926 4.68776 8.522418
96 -9.09 3.93 -96.5 4.50106 2.34388 4.688165 -9.09 3.93 -96.5 -1.011446E-08 -0.945892 -4.561489E-09 0.3244816 5.482756 4.68776 7.614097
97 -3.18 3.93 -99.62 4.50106 2.34388 4.688165 -3.18 3.93 -99.62 -1.011446E-08 -0.945892 -4.561489E-09 0.3244816 5.482756 4.68776 7.614097
98 -1.47 3.93 -105.05 1.306532 2.34388 3.027369 -1.47 3.93 -105.05 -1.108057E-08 -0.9991443 -5.749149E-10 -0.04136026 2.132839 4.68776 5.898642
99 -5.85 3.22 -97.87 1.454308 1.178643 1.523491 -5.85 3.22 -97.87 -1.011446E-08 -0.945892 -4.561489E-09 0.3244816 1.728 2.357287 2.516078
100 -32.42 7.96 -103.35 3.955092 6.370194 4.762585 -32.42 7.96 -103.35 0 -0.9660411 0 0.2583887 4.184509 12.74039 8.582111
101 -26.43 7.96 -96.02 4.725349 6.370194 4.141415 -26.43 7.96 -96.02 0 -0.8836693 0 0.4681119 4.184509 12.74039 8.582109
102 -30.71 7.96 -98.84 1.588114 6.370194 1.663077 -30.71 7.96 -98.84 0 -0.9479582 0 0.318395 1.933578 12.74039 2.707999
103 -24.56 3.92 -103.38 3.677829 2.520114 3.67434 -24.56 3.92 -103.38 0.002654987 -0.9991601 0.02329435 -0.03360935 6.903735 4.687759 6.689186
104 -97.73 4.32 -30.3 3.669297 2.34388 3.569493 -97.73 4.32 -30.3 0 -0.9994321 0 -0.03369588 6.903731 4.68776 6.689185
105 0.58 3.88 -128.44 3.425112 2.261705 2.199991 0.58 3.88 -128.44 0 -0.7424235 0 -0.6699309 3.754205 4.523411 6.500009
106 5.15 3.88 -121.9 1.329422 2.261705 3.738231 5.15 3.88 -121.9 0 0.0329319 0 -0.9994576 2.179808 4.523411 7.348909
107 4.86 3.88 -126.67 2.101634 2.261705 2.854782 4.86 3.88 -126.67 0 -0.2158095 0 -0.9764355 2.179808 4.523411 5.282985
108 -61.35 4.34 -78.71 4.440656 2.639773 1.786348 -61.35 4.34 -78.71 0 -0.7247733 0 0.6889874 3.134839 5.279546 8.733896
109 -53.68 4.34 -78.89 3.437276 2.639773 1.822206 -53.68 4.34 -78.89 0 -0.685522 0 0.7280519 3.248007 5.279546 6.691389
110 -49.47 4.34 -74.39 4.687018 2.639773 5.25231 -49.47 4.34 -74.39 0 -0.9522182 0 0.3054186 4.685692 5.279546 9.563332
111 -45.36 4.34 -66.64 2.459758 2.639773 4.64956 -45.36 4.34 -66.64 0 -0.9904447 0 -0.1379112 2.57657 5.279546 8.935121
112 -46.94 2.98 -60.71 2.751306 0.963966 2.938791 -46.94 2.98 -60.71 0 -0.8682823 0 0.4960705 4.685693 1.927932 3.625348
113 -52.86 2.98 -53.15 2.751306 0.963966 2.938791 -52.86 2.98 -53.15 0 -0.8682823 0 0.4960705 4.685693 1.927932 3.625348
114 -59.15 4.34 -51.98 4.546209 2.639773 2.282898 -59.15 4.34 -51.98 0 -0.6642128 0 0.7475437 3.563059 5.279546 8.733899
115 -67.41 4.34 -53.09 4.44968 2.639773 4.496675 -67.41 4.34 -53.09 0 -0.9264989 0 0.3762975 3.919364 5.279546 8.733897
116 -68.47 4.34 -51.15 2.689133 2.639773 2.732698 -68.47 4.34 -51.15 0 -0.9264989 0 0.3762975 1.60255 5.279546 6.065808
117 -72.98 4.34 -58.81 4.055788 2.639773 4.091754 -72.98 4.34 -58.81 0 -0.9264989 0 0.3762975 3.919364 5.279546 7.604097
118 -58.01 3 -55.83 2.056772 0.9862545 1.488636 -58.01 3 -55.83 0 -0.6573218 0 0.7536101 2.482454 1.972509 3.811627
119 -74.274 4.03 -64.427 2.308085 1.905572 3.921231 -74.274 4.03 -64.427 0 -0.9837458 0 -0.1795673 2.062684 3.811143 7.604103
120 -72.57 3 -70.27 2.218755 0.9814519 3.028686 -72.57 3 -70.27 0 -0.9763287 0 -0.2162925 2.275966 1.962904 5.622169
121 -48.5 4.69 -58.41 1.124833 2.780585 1.133845 -48.5 4.69 -58.41 0 -0.8682823 0 0.4960705 1.675012 5.56117 1.624047
122 -51.92 3.92 -54.45 1.213436 2.197865 1.225292 -51.92 3.92 -54.45 0 -0.9079839 0 0.4190051 1.835709 4.395729 1.624047
123 -50.41 6.96 -56.1 2.27156 0.6532722 2.266472 -50.41 6.96 -56.1 0 -0.9243134 0 0.3816345 4.793716 1.306544 1.624047
124 -70.01 6.11 -73.75 1.727963 1.39527 1.725337 -70.01 6.11 -73.75 0.2705406 -0.8838342 -0.1117019 0.3649213 3.051104 1.306544 1.624047
125 -67.45 3.92 -76.8 1.213436 2.197865 1.225292 -67.45 3.92 -76.8 0 -0.9079839 0 0.4190051 1.835709 4.395729 1.624047
126 -71.63 4.28 -73.16 1.166518 2.133254 1.165784 -71.63 4.28 -73.16 0 -0.9277308 0 0.3732501 1.675012 4.266508 1.624047
127 -68.17 6.39 -75.58 1.748936 1.187657 1.746215 -68.17 6.39 -75.58 -0.1804454 -0.9065289 0.07450311 0.3742915 3.051104 1.306544 1.624047
128 -66.79 2.91 -78.22 1.710032 0.8969046 1.775331 -66.79 2.91 -78.22 0 -0.9079839 0 0.4190051 3.055171 1.793809 1.889416
129 -61.12 3.21 -76.49 1.520164 1.081066 1.055162 -61.12 3.21 -76.49 0 -0.6659551 0 0.7459918 1.799179 2.162133 2.855298
130 -53.103 2.396 -73.494 0.9015303 0.3359559 0.5052266 -53.103 2.396 -73.494 0 -0.7109221 0 0.7032709 0.9911164 0.6719118 1.792441
131 -148.51 3.03 -26.35 4.256534 2.370126 4.536237 -148.51 3.03 -26.35 0 -0.9946014 0 -0.1037697 7.058508 4.740251 7.783086
132 -147.0961 3.03 -35.71236 3.174476 2.370126 7.107244 -147.0961 3.03 -35.71236 0 -0.9999858 0 0.00533235 6.19841 4.740251 14.14919
133 -152.55 3.03 -30.74419 4.70418 2.370126 4.681417 -152.55 3.03 -30.74419 0 -0.8391848 0 -0.5438464 7.058503 4.740251 7.148778
134 -106.6646 3.03 -20.66059 4.97005 2.370126 5.423663 -106.6646 3.03 -20.66059 0 -0.675244 0 -0.7375945 10.08606 4.740251 9.086933
135 -115.2291 3.03 -32.23013 7.552506 2.370126 6.540371 -115.2291 3.03 -32.23013 0 -0.8488615 0 -0.5286155 8.310196 4.740251 12.74636
136 -92.76658 3.03 -8.458277 4.97005 2.370126 5.423663 -92.76658 3.03 -8.458277 0 -0.675244 0 -0.7375945 10.08606 4.740251 9.086933
137 -124.95 3.21 -9.38 1.420701 1.836942 3.791804 -124.95 3.21 -9.38 0 -0.6784805 0 -0.7346185 7.427791 3.673885 2.259287
138 -123.93 3.61 -3.29 2.273365 1.67182 3.125847 -123.93 3.61 -3.29 0 -0.8451127 0 -0.5345883 5.847604 3.343639 2.259288
139 -119.85 3.61 -2.76 3.067895 1.67182 1.845483 -119.85 3.61 -2.76 0 -0.9986768 0 0.051427 5.847602 3.343639 3.106746
140 -119.84 3.61 -4.61 1.269555 1.67182 1.010411 -119.84 3.61 -4.61 0 -0.9986768 0 0.051427 2.368075 3.343639 1.787031
141 -45.09 4.16 13 5.399897 2.728845 3.593266 -45.09 4.16 13 0 0.7152415 0 0.6988774 6.942126 5.457691 10.642
142 18.72 4.22 -57.79 2.234067 2.618316 3.468035 18.72 4.22 -57.79 0 0.03793688 0 0.9992802 3.975088 5.236632 6.653835
